-0.06474562235268076
-0.06493138464786666
-0.06483585236451285
-0.0650000256275364
-0.0648345284287032
-0.06525526151961672
-0.05974623313602568
-0.046571857569315964
-0.05540305779548635
-0.053052849771725856
-0.0027939745947517677
-0.06481606122151214
-0.060489438995563326
0.03057599722293395
-0.06503145669927782
-0.06501357050928133
0.04365489012124132
-0.06464559077662473
-0.06392184050633723
-0.041035873513169646
-0.022013239997221986
-0.062381257094221966
-0.0650525495819257
-0.052690151420085075
-0.06510549265208908
0.052850629674882466
-0.06493439810333873
-0.06519514791387836
-0.0652075738479025
-0.06443621437586348
-0.06388742339791269
-0.06452509433875357
-0.05165203690046211
-0.06520748832739409
-0.06522925440659372
-0.006886294129463889
-0.06311880946060792
-0.044871370391314794
-0.03704630915421666
-0.04884957553769974
-0.06438888562915328
-0.061352295227484276
0.023346054271871558
-0.05373207845702973
-0.06495792342426411
-0.06487630030085138
-0.06492175412465956
-0.06098735114646223
-0.06526637331025584
-0.06509705027640345
-0.0642227382133248
-0.06402715476906572
-0.06515952372591141
-0.06489200734995408
-0.04415090907004556
0.0006085665491909932
-0.05517603022291966
-0.06451048926383565
-0.06487088052023415
-0.051902592405267414
-0.06386635010011406
-0.05290019240006439
-0.062253485537680814
0.02420426236623593
-0.06449636989317924
-0.06489965719207318
-0.065270612424764
-0.06490420740538347
-0.06484428690625878
-0.06507360068356186
-0.06514752304424742
-0.06329644404335291
-0.06471293523927377
-0.06045250196986795
-0.06516782313219746
-0.047817192850625474
-0.060396058434314365
-0.06498754746724758
-0.056280380702723835
0.036378204663289754
0.019482224645137162
-0.04205128266422271
-0.0651494854461428
-0.06507192552612222
-0.04104579650345897
-0.06518893573026027
-0.06479161541267175
-0.0551861229485692
-0.06526937697330328
-0.06378097321392741
-0.06417585208420777
-0.06414401103628861
-0.06497234309594244
-0.06010976710790134
-0.06499003213178976
-0.0646315549679918
-0.06500851631251686
-0.06494950585605422
-0.06483013228287371
-0.06434092886161029
-0.05852190586968395
-0.06510785327925264
-0.053776653573934644
0.04335419740234262
-0.06489344618354603
-0.026756821052501507
-0.014756400519849057
-0.06064583054514946
-0.06460905850448062
-0.06489749371905879
-0.06386069660696238
-0.06382938696128636
-0.06509770310471197
-0.06467405147956243
-0.030935705620921763
-0.06431667890126246
-0.05581973199167455
-0.06483665664898894
-0.05036413721343789
-0.06493876421906603
-0.04124738988512618
-0.06441536173403312
-0.0646616255455383
-0.06505076605498687
-0.059968025025558126
-0.06497717663673863
-0.05974623313602568
0.051010306673198925
-0.06522904902680784
-0.0590912896637983
-0.06309210878278997
-0.06499606818233024
-0.06505705540291103
-0.06420302802103434
-0.00802077916398878
0.056895553874396924
-0.06376338601929621
-0.06452570277473711
-0.0644265316263917
-0.06087161774392997
-0.06514344025600602
-0.06453869014110657
-0.06512448865021003
0.006299270914453657
-0.029410045863938986
-0.06450687651197635
-0.059110430589803746
-0.0650682631593115
-0.06515537252126326
-0.06402901794105818
0.0648071801452032
-0.05014635368971968
0.05820773877449764
0.01055362243533741
0.0015146922413998402
0.014159323748887813
0.022275285280257028
0.06479007604352029
0.06509625252021045
0.06499454186974495
0.06433087661131588
0.06290379392891779
0.06528191689115008
0.0645314254676895
0.03334451151365391
0.0648749437236263
0.009743462504479218
0.06482572046916482
0.06524013587940558
0.043053112986458815
0.06382989616736698
0.06493056469551117
0.06438910889643479
-0.011734980542413169
0.06416414426132298
0.06490862966434531
0.05476628906336782
0.0651166207634359
0.06520083561523342
0.06380091059046925
0.05842774191446478
0.06528217802247348
-0.003439882923189402
0.06178354055151838
0.0650427205989128
0.054171301342993784
0.06485118077319661
0.06482049784269675
0.03062378425511672
0.06507862615588074
0.06524927547572469
0.06500381203172576
0.06476017650699063
0.06370768670801433
0.036205596858520296
0.038894466095602306
0.06515513763363785
0.06497678493975352
0.011746339754981199
0.05542538452363732
0.06507640653963181
0.03811968945906522
0.06502052443642355
-0.02628143147824611
-0.019699224774885168
-0.015348515795665651
0.009694108684356014
0.06505642999339148
0.06480926919579041
0.06510669777314658
0.06294257193044316
-0.018724421544621287
0.06506113035721274
0.06470494723209086
0.06473876373847157
0.05836820397272887
0.06501060144613423
0.06445948378809192
0.06280573911697993
0.06528270028512029
0.05536401866263757
0.06433727432873927
0.06519717977670576
0.04625288565777903
0.06485222529849023
0.00011150307509313843
0.0632557989528652
0.06490954362397723
0.06501830482017462
0.0572606154645145
0.05714388976295331
0.06510930908638062
-0.0025731880608144235
0.009837600346566043
0.0649915388595258
0.06456276122649786
0.06457412043906591
0.06528113349717987
0.06333126590532871
-0.00826062828453455
0.06528008897188625
0.06495589443388128
0.06528217802247348
0.06528283085078199
0.06066263434581044
0.04926686339249794
0.04186809904085542
-0.003651268729484239
0.06528270028512029
0.0611845052956316
0.04177591968369412
0.06221767137667607
0.05583470787307172
0.061014639369757866
0.06354826603507671
0.06507053108485525
0.023213660690906163
0.059871275870237266
0.06486149546047104
0.0651416893704826
0.06449721726432367
0.06508685179256794
0.06492325301845588
0.061179543800486944
0.048711045370634386
0.06476552969912039
0.057298218375084545
0.06504467908383833
0.06526324600152676
0.06453090320504269
0.06510604494483808
0.06460232262199345
-0.03935144591155777
0.06433283509624142
0.06472087624281846
0.06487873012781566
0.01168693237890699
0.011837474586848902
0.0651326803398252
0.06501125427444274
0.0651825564225952
0.06505682169037658
0.06526938258762674
0.0625699375319469
0.06528270028512029
0.0649578529188068
0.06271930464893348
-0.002307095242266638
0.06495641669652809
0.06398957797162799
0.06415356844272516
0.06508815744918496
0.06498749132401306
0.06431964796440956
0.05288300995898446
0.06516140478539954
-0.0023260272632133656
0.061014639369757866
0.023213660690906163
0.06305981989465116
