-0.0215819
-0.0216438
-0.021612
-0.0216667
-0.0216115
-0.0217518
-0.0199154
-0.015524
-0.0184677
-0.0176843
-0.000931325
-0.0216054
-0.0201631
0.010192
-0.0216772
-0.0216712
0.0145516
-0.0215485
-0.0213073
-0.0136786
-0.00733775
-0.0207938
-0.0216842
-0.0175634
-0.0217018
0.0176169
-0.0216448
-0.0217317
-0.0217359
-0.0214787
-0.0212958
-0.0215084
-0.0172173
-0.0217358
-0.0217431
-0.00229543
-0.0210396
-0.0149571
-0.0123488
-0.0162832
-0.021463
-0.0204508
0.00778202
-0.0179107
-0.0216526
-0.0216254
-0.0216406
-0.0203291
-0.0217555
-0.021699
-0.0214076
-0.0213424
-0.0217198
-0.0216307
-0.014717
0.000202856
-0.018392
-0.0215035
-0.0216236
-0.0173009
-0.0212888
-0.0176334
-0.0207512
0.00806809
-0.0214988
-0.0216332
-0.0217569
-0.0216347
-0.0216148
-0.0216912
-0.0217158
-0.0210988
-0.021571
-0.0201508
-0.0217226
-0.0159391
-0.020132
-0.0216625
-0.0187601
0.0121261
0.00649407
-0.0140171
-0.0217165
-0.0216906
-0.0136819
-0.0217296
-0.0215972
-0.0183954
-0.0217565
-0.0212603
-0.021392
-0.0213813
-0.0216574
-0.0200366
-0.0216633
-0.0215439
-0.0216695
-0.0216498
-0.02161
-0.021447
-0.0195073
-0.0217026
-0.0179256
0.0144514
-0.0216311
-0.00891894
-0.0049188
-0.0202153
-0.0215364
-0.0216325
-0.0212869
-0.0212765
-0.0216992
-0.021558
-0.0103119
-0.0214389
-0.0186066
-0.0216122
-0.016788
-0.0216463
-0.0137491
-0.0214718
-0.0215539
-0.0216836
-0.0199893
-0.0216591
-0.0199154
0.0170034
-0.021743
-0.0196971
-0.0210307
-0.0216654
-0.0216857
-0.021401
-0.00267359
0.0189652
-0.0212545
-0.0215086
-0.0214755
-0.0202905
-0.0217145
-0.0215129
-0.0217082
0.00209976
-0.00980335
-0.0215023
-0.0197035
-0.0216894
-0.0217185
-0.021343
0.0216024
-0.0167155
0.0194026
0.00351787
0.000504897
0.00471977
0.0074251
0.0215967
0.0216988
0.0216648
0.0214436
0.0209679
0.0217606
0.0215105
0.0111148
0.021625
0.00324782
0.0216086
0.0217467
0.014351
0.0212766
0.0216435
0.021463
-0.00391166
0.021388
0.0216362
0.0182554
0.0217055
0.0217336
0.021267
0.0194759
0.0217607
-0.00114663
0.0205945
0.0216809
0.0180571
0.0216171
0.0216068
0.0102079
0.0216929
0.0217498
0.0216679
0.0215867
0.0212359
0.0120685
0.0129648
0.0217184
0.0216589
0.00391545
0.0184751
0.0216921
0.0127066
0.0216735
-0.00876048
-0.00656641
-0.00511617
0.00323137
0.0216855
0.0216031
0.0217022
0.0209809
-0.00624147
0.021687
0.0215683
0.0215796
0.0194561
0.0216702
0.0214865
0.0209352
0.0217609
0.0184547
0.0214458
0.0217324
0.0154176
0.0216174
3.71677e-05
0.0210853
0.0216365
0.0216728
0.0190869
0.019048
0.0217031
-0.000857729
0.0032792
0.0216638
0.0215209
0.0215247
0.0217604
0.0211104
-0.00275354
0.02176
0.021652
0.0217607
0.0217609
0.0202209
0.0164223
0.013956
-0.00121709
0.0217609
0.0203948
0.0139253
0.0207392
0.0186116
0.0203382
0.0211828
0.0216902
0.00773789
0.0199571
0.0216205
0.0217139
0.0214991
0.0216956
0.0216411
0.0203932
0.016237
0.0215885
0.0190994
0.0216816
0.0217544
0.0215103
0.021702
0.0215341
-0.0131171
0.0214443
0.0215736
0.0216262
0.00389564
0.00394582
0.0217109
0.0216704
0.0217275
0.0216856
0.0217565
0.0208566
0.0217609
0.0216526
0.0209064
-0.000769032
0.0216521
0.0213299
0.0213845
0.0216961
0.0216625
0.0214399
0.0176277
0.0217205
-0.000775342
0.0203382
0.00773789
0.0210199
