621805497
8755952
55539300
119522398
208155240
7426632
46063
14110654
10117752
29873662
1586501
91749967
18812301
14331688
168006555
4479261
38883
59437024
6970842
6749832
5965552
1157676739
13348
12587522
3080761
657863
3393521
2281879190
2986
10221
972651
13041
89154155
95333836
732773
14230524
9431802
50803
14600116
283307530
21760976
17004618
756278
41606452
7108092
11435642
46023
3245629712
9909802
99167392
8161232
10336
17191297
272838442
14865707
6595682
45503303
16409683
5409562
92577188
185260477
59624844
53153263
70675318
164515721
87754806
579356555
229025408
7923242
86553021
124435842
7748892
48034232
96015909
133165136
47772122
233388174
11586422
176019001
135638240
37190855
136927069
72143680
10787542
18217167
114675168
180848979
29390647
180269491
26945077
228640360
14607659
335138228
11056022
8455362
295778090
9925242
34976956
2221669278
82608153
257590207
2562698042
290644121
7153952
12361552
65336935
9037042
14876744
34819120
14084748
76891954
6853042
5563392
15306197
14512911
19008972
235982951
16331010
28614699
48238130
778446
15263106
35450943
222886168
2450586800
107795399
124335068
54926948
77445105
375548372
590241691
9850782
31498161
50037051
818647
390267539
1945457400
16225240
17241895
22657153
559594810
17235469
27624085
16809875
274119641
7861312
20978103
1040391
1026321
147093
21219827
14450673
144003355
2499913351
24929621
205967864
267168711
130537233
22708030
18133272
7723082
34230753
12020072
35696242
