102136881109929885939
113863674317494307797
109334856771323104982
109484139702439516596
105774718778616150593
111867549117983525241
115951905710072399584
110356488025922357921
105875747550926470449
116512547431352064848
105816017376295434018
115763956625233148295
114121568883654169497
118216205748674803540
101942974436125184362
118221493010683827294
102390174362462612626
116983386826086814754
108368887762821836656
115362585411502508043
101999312811742357913
116520321764525573780
109675028280981323746
109870637082582441948
116593933598850301557
102114292287326032166
106730519442601855252
103160788863567656793
116819083985496988602
117568562234710651886
102566493507718202350
116320991527479122474
112329576481115126274
112498205737102895420
106217593194139967484
110690138521356007901
103159588896427358688
111909635417375781963
102635861512321161715
106378875033525539627
108999387310363281634
114000732130562617245
100321783787115346681
111727007455702850516
104354826611889934659
114762283464321243481
108521569872935816123
115041170387568207545
104632429251824926159
114072447385535141799
104548262720883446115
111518026572479084796
108153475782365606971
117055084865660214435
116091286670134242723
105206280868328581649
114251884546939236536
100294347342459351359
103078074039730213558
103129443816907923980
105633935946183544306
105765360099575052047
116462911267131092179
101749713305586936247
116616905655778013646
105906534099917054135
105652858913533210580
105023091760833168902
107850217548403098173
117474463385926789435
113094729847610384096
117655670347447625253
105860105557229478824
101042928972959343267
101269367367736175488
100615252365204434356
100004528318594035664
115014572273301199382
100499594577880743956
108062736495893502093
107000876541835270240
102826573738592365211
101161831905160123851
108740196283426457508
112756791784119433591
105257704803491546467
113057176454121161776
105582890723947833191
101409890153237179056
107389657358585856584
107273749947337082277
118397144247417643355
109002220161678022363
118180039705542952938
107413417229910065650
107924233197690759493
105033893542429360964
105193058908372765045
117232298690269038526
114979522506732906926
113119598451158442689
116390698889058983732
110318622804859967652
116426158690579299515
103070396146299138780
115315525003541271327
105365344462458646683
104864538458406455097
100351231039518274379
117782651837533349850
118082235755133507434
106857253240989233553
118304705212702905032
107270872683604213707
101930259664650819706
110730706347294891459
117733890516883494085
112384096731038433388
106349203956407063196
107823773062799411970
107716257256792539470
100876773495322456826
117674856941390931872
115422413424452588665
100798657588586947705
115078625276943538104
109980825326648883543
115899933034971561703
109267843861350338928
104526259451796612973
106911309701671046028
118155008019700454765
109361701871893983005
106309407311701947463
105039740711570676086
101439060539781249384
100181162219453457751
101377857642318033464
103058754044687356173
101368716937234447279
106742634911776398587
100977030111346443045
112443206798087757856
111800742019709575274
102250459001486286179
109816210098678627695
101776158919199274573
106364712095662216105
118269404459963117360
106597950358500952417
110628503989455278869
107481672753385747407
114802747549829690953
110444452632515045074
116012984732740708036
101989841237025379930
118315327435582407508
114110618548997127919
112456054441567373766
109898577769504255244
104640610251779850610
118339359408966266671
111113208290869772509
116625412715019408094
106842723127423475270
118239121095465976293
116257275643833707484
112866616276830926891
110043786073525793531
108507309372027630669
116246302736321546601
104029709243842231062
112253396059780273115
101063623170816099070
108791326070999774266
110281901156851124688
104132163332377240115
118156043820001805294
107538503904191602901
103316200298703443962
118185415464847494829
115685891137841455078
102851553185267613764
116476303152263394571
101787826922206042389
117921524620305091775
100996678317261815868
110587955497525318489
108089796661280870153
114451220768342344139
105123514409833691319
102069471817318504164
100119614697863399339
106129845850785943761
107470147203053727366
107837578027428798785
109533449353663952102
106007667658834908184
101313950742355776583
111984034088692092819
114810779645279671611
109699955705128546613
103491861455731416873
111950594039269281469
117996660375887584819
116260093790023106136
112690079783506988343
117541813537435917384
101971022386557990311
110604188291013877623
103626426190325863187
108424020240415471405
116955009643397005968
111650638204255210984
106698435963206338652
100876579227681438076
114506404632729670179
112573085793707950349
114925678731890190488
110038350445855508357
107420422968461975442
109034233248868332606
107349668801575865614
104995425282007200997
114457938629639557723
106451657159081683947
102631756548937166161
101417390222749853068
113117251731252114390
117530476750235073952
104316022184440740732
117316928762124289447
106113151535745265163
106522562207355092969
112893701314508522131
103397738937175724590
106191537604091348855
116596987706213637092
111625044436754084729
107345380056943591322
116663982997041117781
108807575261328575617
102332909374994218415
105714705840112444347
101213711044081649111
100357126349179658706
113695749683157256152
115628560176093114702
107876477190146096083
106348515844287346792
109899777850011785443
110906874090916136949
107166508298033035723
109372639648899095877
111141532432043491101
101374800886631126047
107537466243499390942
105145904267522291075
102079566431379795675
105491135701838068986
105156224615803456797
113241463494150747449
111356039646926014229
100508304835176834436
101003376842802019495
103233967921245494760
103458990939696010425
113457471429583444041
100613925941794367650
102713507315220984669
100916451672753851236
116142021634359763985
118407349385285397297
116533348762298349822
101560853443212199687
105555694224602845621
116849804289972963071
113683896640935203766
114353304932511604018
105425498763787787075
114299848810599087985
102552756458209480353
108972862430615180924
112842558173795306118
107493878834619956689
104543685706160883590
109174551750397653742
103694528664615043117
117568774345781890482
109027730349399540015
102644398022664744473
109531386337924522864
110944167644594636932
106351386231433168228
106786740407143684135
106034873529055572716
114190300983358475018
104629412415657030658
117892472461026159509
118104420597648001532
117827633633478865102
117366498707324906187
109807483363749628507
114268070748975396926
100604974948375618756
101251144062927858583
103187329186176843602
103567658658142018767
105185415102049371674
112515869058423662585
112621826548261308809
105959489114247559223
114549564725160709822
116176459448466735273
100832540135147772344
108967384991768947849
104984516469461796485
115697521149227924269
100975843734093591181
113047450880810697114
115683976963211614243
117394572563365111641
104430274632048494577
109171059960702939283
104489336746065788580
109363871807970263772
113486188592328811483
103208432250092330084
113359220622883436039
117505946830822790648
110004623392600015543
117442560496275817776
112451969485360736847
113229708952123346884
103288474877174827734
102866392843217891476
101603978460488238487
109703994528384511611
102134519721380526114
102979527886620469700
113378632506523216626
116182588372378635178
113599163037975252607
110189618622782472134
103442012288569948600
110642235603200357064
105534256745454396012
115229808208707341778
109592322077266507500
105166473593472630080
109046627401906566208
100319987084126732102
102507726729042687553
103845238086997443405
114098870729596730335
116899029375914044550
109896200639937871270
110595266891048521878
117097348753143594874
103654360130207659246
109360243383954336295
107928160274417009599
116931028644210998792
101846963145656553081
115620026777299355827
115095825341778528046
115308527650761885487
103136187003732887800
114936994590598437075
111401917971052287374
105560405713027841113
104933767759960217466
112072495941990757831
109668768365102397082
103635515167086670006
100105166562504132677
117741173414692055318
106715643684753979187
101510197232802802200
104950168177749195906
105211598226561058859
105855798250239696532
110594725710179722975
104990783105077250984
112296036887867274514
108990255474956153251
116594527633377174080
102206148542741322706
103707019261656753501
109154317295316091324
104817598387925979741
111456549239184022735
100928127888613006369
109974194239292102430
107617612347495262452
108175130225638866090
112400112266093453485
112042462951055139482
116272105510885793417
117258216635165739823
109665089521026508723
102556802944445874882
103025232169789833232
102856404121776431606
114435299954317222203
108784390216565087385
104425260629240536879
114091205999974795697
104497149095334354911
115227907548326217418
107774128215837833522
104141824026145819474
114127681828410152993
101385328592829160390
107673724219739485940
101365655214303092863
112227935945004265244
113017321819099178673
116940289087112802282
106525507424483238612
100895869029527510349
109450442844592227853
100585555255542998765
108084961215908246598
100587416314715979311
117941201682276522061
104840692648837733050
116358885722863813013
109294265499139763822
111091089527727420853
113814450064461969860
112374836634096795698
116546842469457801259
104196566150368369122
111395306401981598462
103345707817934461425
115335026829376528987
110298933961582922914
112881075208458535660
104138175076077770437
117570924847131380956
109511956491697549112
104248051210070372910
109133799417555311562
111224383669619377607
107744018255102616062
101586464503650035193
107246876130347591866
118441513494824835101
109412257237874861202
115158838124351211838
113436693200516758216
109312842994043910384
103275311935371738500
114551112465936602389
112717764689378785388
102111004271565844242
113592496654758273452
104948523378811014985
109710292803629927260
103667478207917597282
109870972371295881074
106595064637006853945
110318982509514011806
113726927245929591866
112063946124358686266
102713430582181719594
118100148012346845308
102150693225130002912
100350400198544678438
116415922812021160796
114674433949095674252
115173916804127711588
111626127367496192147
102624399888641596624
118121310934186489178
117993038528324592186
113410014455476312585
109074857816744029470
101394096618227718560
107827778131313273496
107045876535773972576
107117483540235115863
105983594520322058171
104612091113514802664
112844561713780016118
113912126734418167770
105423969273309995846
105002279306145776668
104805395929355827784
113601793745215640986
108304271161706254600
102524117000794768950
106284669837328252881
113133382065158525136
111081262738857548812
113116318008017777871
106040673865132979819
103007767008498276028
115371098778516802746
107786469140133631773
102759767354739016362
117292693876204929910
103266364845729488839
103495005654996990067
106168900754103197479
110652274774869751535
113506941426753247014
105062545746290691206
106459864957591819596
116651741222993143554
104244293723392126459
106017670055909638969
103701301796832278421
104557885419342982371
102350467146803655465
105051985738280261832
102732506612807535554
107741079778266699200
103037366582313115962
116211019457742869430
111665136279728588853
106063255260898090789
116306468175548069234
109099460912747709247
110031535020051778989
113449221369019246539
114594911679824246277
114264952654389328179
117060611629545148063
108078600958579131372
102188468988735035180
108404515213153345305
110610888706627544754
114263858453106083694
104682217351450430523
100470681032489535736
107700677594276919861
112416722271213471768
116866410115379531632
117302826514429148435
110699316726109527859
113920721823301219308
106262432156988434523
117410001379297638593
110622974258428226495
112319569532717710359
112667451829133615477
117207831552723152695
117962666888533781522
114592305425125171321
107674681141440925671
101059133757139216178
113860252708633894850
100086007587519608919
100952167277858400702
113854128330570384219
101261243957067319422
103783079171688807659
104560124403688998123
111875296687623735205
114084723811216973501
112727226361732924638
100768739791351535895
105345694680894090013
117245766337899882564
107780139765882604901
111470009621295575872
110937137992985950150
108117649977393242176
109922199462633401279
108951874380261780324
105916390621085005632
114759763147746687918
115424044560079397592
102839963139173448834
117002984588843825966
116218264899373953600
106189723444098348646
108462373090284487367
106874612731526973633
110637706986784777998
109069489946176744558
117706118878784911089
112370027338705666809
111855540579588079459
104324508841565022424
104041273537606731538
118432089529942998129
104750111906362213898
103179702281397549738
115270759796108064922
106569019822029819181
103244416338840682741
108333565540759798318
110498443208318458122
117720626238470886461
108542473564741160662
114385232973357978069
115907566785219850554
113493854651753327245
107234826207633309420
111148575261299993945
117187214029437584658
116587751708769581193
107323726887023845557
108913553602401000675
114953905379572113374
108105256181799378033
105076678694475690385
102680831949280124170
109244491746036553057
105198124856956810263
117693415411676715849
103024007156057399413
113563897856627040943
113052465290367502186
100098913894471104986
116469525346930714768
113290433800047414047
106760483896890250396
117151704347578609705
112529652366130964210
106457799250617652592
107059737453939168360
108944188309881953876
117711515534049076399
107864209345716564758
106150629001819964459
116866632665881398848
110951061820672947345
107068203132261745721
101977577738512604757
118184705528180291895
114044312047618704188
116602523162239426012
106641645889210053426
107618341840598563276
116122599472883419597
114628071126955525757
111892446293584593405
109993387540955039828
103778755977163571576
115995105609774588517
107096716333816995401
118227502743498654299
101581740100539172029
100923348665134279618
110578560830985844220
102039555344041841243
108987897144368604995
117273001021476361745
102091998019374437890
107964393728911462914
113544226688149802325
116629747310448304472
113390680887692063568
108559685295166284830
112943946047332492941
100601380617286837373
104898479113219628100
115933035214395982393
111543773212130322836
112371284450211079595
116017786942076405456
113806314825655138485
110401434355251834003
105365736319703442594
103261302861931394322
106870390355104351622
114226250987063330965
112460361944526645003
112320097630483618121
101571483150813305324
102361753490628724864
103372330843576967022
105015639409278960335
103016541762017890621
102184497667762703527
112026140360289045394
110921177357604506434
111550967848380534283
106496532753309858584
115200251016762857369
100916003341046608050
107964628035578830147
106886664866983861036
109110922950034027946
115892241801867723374
103469878705830748235
102249171925871794106
100636396082145250409
117505808877469015285
100887841569748798697
106338597585178805215
105863665243243422119
105211414132375864618
109813896768294978296
112773496741623034196
100178126863140890589
110209787594312878744
114680476479909579843
115286733508411383302
103666802589304255842
108380090365337974414
106500057822156050617
101453834886580607656
103170767242208580567
109008554313410815713
106998122864535939804
115088520111061651059
113530992587961927386
117522297423814526876
110125256319267616552
117950273622480357977
100400724870118673147
110929810202872996253
114209352941608619099
113326333781505331919
117512872072678816682
114440432692989730373
118294394924756345246
100231638385923268214
106919314678202592612
115140257468124928153
105343912110792875335
109049243401280574257
109432780025053778093
105514648397740737877
115539475892885222484
115387201295965077545
100381194411038585614
117315836745410197313
117063597069369650985
106562532605015113268
101749412631179023420
115942548549964006302
108369860885997273288
115349730759116380682
112947936621061840812
112548548502639316827
104368385828528879516
104988924711859228445
113774890546367825185
106615544093453636636
104092350776874350953
101371834106804952753
113585396936869154304
111238712428264516758
114630527158623790533
108204723188938878811
117044114668743453071
113011860293883033685
114387532232804038093
103129113338931699121
109461405892559034251
116433612887217134377
101366763569451280009
112067426922475992695
108554354486946186121
103517335293017240782
110157138777695282771
100776197555503852902
102976468981373197988
111333936689807832663
117440286143624283110
112796359715628019962
103583094025872457350
105616719347695516426
108030345592697393127
111805210507195055601
113169333197523955453
100501397362599416861
102513492986680492151
112248583108009506519
116131399073033281068
115701564388405108305
102392055378638010265
101066614384920593436
101103796179044317449
109514495578377891088
105815374256470993974
105201187573943094863
104767975201198628759
107355702715679444375
103727609649542148447
111060835692543803311
102099760962528406060
118008883912320427527
106216076208730436387
117588021371177555445
117935634464476391282
115261028652544470031
104286865188911546090
101437165017013317226
108515088787587623209
106324666866149359502
111111299608863973347
108828608624942351891
111288496101524218391
114045663903264767123
100000772955143706751
105213208467309178229
115416455944221860790
105254609899934075847
109594876586937259596
101495811973925183748
103555773917939181320
117718770005879839845
111640332698941245301
103898181072140405325
107918002962259107205
101336441946387245415
108383482544283345626
100957187165079088834
101634821351567605089
115623533572523039914
107205921408576852149
109273045900306093643
107077157532791881231
104901022487097291139
101427282854197285902
107148373458247717971
110812739854358552288
117994884361105482085
117147321771860727748
