102136881109929885939
113863674317494307797
109334856771323104982
109484139702439516596
105774718778616150593
111867549117983525241
115951905710072399584
110356488025922357921
105875747550926470449
116512547431352064848
105816017376295434018
115763956625233148295
114121568883654169497
101942974436125184362
118221493010683827294
102390174362462612626
116983386826086814754
115362585411502508043
101999312811742357913
116520321764525573780
109675028280981323746
109870637082582441948
118216205748674803540
108368887762821836656
116593933598850301557
102114292287326032166
106730519442601855252
103160788863567656793
116819083985496988602
117568562234710651886
102566493507718202350
116320991527479122474
112329576481115126274
112498205737102895420
106217593194139967484
110690138521356007901
103159588896427358688
111909635417375781963
102635861512321161715
106378875033525539627
108999387310363281634
114000732130562617245
100321783787115346681
111727007455702850516
104354826611889934659
114762283464321243481
108521569872935816123
115041170387568207545
104632429251824926159
114072447385535141799
104548262720883446115
111518026572479084796
108153475782365606971
117055084865660214435
116091286670134242723
105206280868328581649
114251884546939236536
100294347342459351359
103078074039730213558
103129443816907923980
105633935946183544306
105765360099575052047
116462911267131092179
101749713305586936247
116616905655778013646
105906534099917054135
105652858913533210580
105023091760833168902
107850217548403098173
117474463385926789435
113094729847610384096
117655670347447625253
105860105557229478824
101042928972959343267
101269367367736175488
100615252365204434356
100004528318594035664
115014572273301199382
100499594577880743956
108062736495893502093
107000876541835270240
102826573738592365211
101161831905160123851
108740196283426457508
112756791784119433591
105257704803491546467
113057176454121161776
105582890723947833191
101409890153237179056
107389657358585856584
107273749947337082277
118397144247417643355
109002220161678022363
118180039705542952938
107413417229910065650
107924233197690759493
105033893542429360964
105193058908372765045
117232298690269038526
114979522506732906926
113119598451158442689
116390698889058983732
110318622804859967652
116426158690579299515
103070396146299138780
115315525003541271327
105365344462458646683
104864538458406455097
100351231039518274379
117782651837533349850
118082235755133507434
106857253240989233553
118304705212702905032
107270872683604213707
101930259664650819706
110730706347294891459
117733890516883494085
112384096731038433388
106349203956407063196
107823773062799411970
107716257256792539470
100876773495322456826
117674856941390931872
115422413424452588665
100798657588586947705
115078625276943538104
109980825326648883543
115899933034971561703
109267843861350338928
104526259451796612973
106911309701671046028
118155008019700454765
109361701871893983005
106309407311701947463
105039740711570676086
101439060539781249384
100181162219453457751
101377857642318033464
103058754044687356173
101368716937234447279
106742634911776398587
100977030111346443045
112443206798087757856
111800742019709575274
102250459001486286179