102136881109929885939,1,1,1
113863674317494307797,1,1,0
109334856771323104982,1,1,0
109484139702439516596,1,1,0
105774718778616150593,1,0,1
111867549117983525241,1,1,1
115951905710072399584,1,1,1
110356488025922357921,1,0,1
105875747550926470449,1,1,0
116512547431352064848,1,1,1
105816017376295434018,1,1,1
115763956625233148295,0,1,0
114121568883654169497,0,1,0
101942974436125184362,1,1,0
118221493010683827294,1,1,0
102390174362462612626,1,1,1
116983386826086814754,1,1,0
115362585411502508043,1,1,1
101999312811742357913,0,1,0
116520321764525573780,1,1,0
109870637082582441948,1,0,0
