111133513914028540193
112236112906391756574
108246797863185223474
116150611185797084054
107856301373513137707
117558951068102776090
117333415860632460991
113876435657290715433
117643805726118068989
112173423485901422149
112188949500344155496
107576177712290936162
110038818811653987356
112399757119659945501
105636190213626643524
116434033706440939937
109399721938819433917
110575303885371831302
104464161361876305268
112030049681636745976
105850772974986990748
115770000749527006035
115580450830586525434
115746841766197692775
103744950732201273245
111826096757945617173
103104173754216720254
101252151334982173081
100967632979469276225
107743732911249628415
102153545509880218159
111902922960575917532
105898395595138138195
118332190498743014912
100236298184900383870
101543501270413758012
108671881008158307806
102558188317234222259
116594917439181050655
117028451985228704239
116909613337077427628
110753594800590712411
102531938299966312178
112321659494346799515
101875290074291017085
116219280451704167211
100774452356884068803
114514968732413238147
106542703502849523478
104358432752770538789
100642481885000178590
102585443930421394559
113033553469138227066
110344373498244624970
115297441929435280763
109318553697029805404
109706128550652285119
101846037365920132509
106952871165122721794
